//Khoa Luong kluon7
lrwxr-xr-x. 1 kluon7 users 70 Apr 15 22:08 lab2 -> /afs/cats.ucsc.edu/users/m/kluon7/12b/Labs-cmps012m/lab2u-unix-shells/
  File: `lab2' -> `/afs/cats.ucsc.edu/users/m/kluon7/12b/Labs-cmps012m/lab2u-unix-shells/'
  Size: 70        	Blocks: 2          IO Block: 4096   symbolic link
Device: 15h/21d	Inode: 1495466946  Links: 1
Access: (0755/lrwxr-xr-x)  Uid: ( 4672/  kluon7)   Gid: (  101/   users)
Access: 2014-04-15 22:08:05.000000000 -0700
Modify: 2014-04-15 22:08:05.000000001 -0700
Change: 2014-04-15 22:08:05.000000000 -0700
